88
196 293
200 261
236 243
247 235
239 238
232 239
223 245
248 205
307 203
388 241
222 189
226 287
234 374
168 333
122 256
170 181
158 188
150 187
135 179
198 156
256 107
293 58
276 102
308 118
324 137
334 182
361 168
314 146
281 132
267 200
319 177
316 174
306 176
297 164
305 163
322 160
322 179
332 188
379 228
386 228
417 220
358 213
395 229
412 217
384 209
355 220
310 187
243 179
198 219
176 148
316 138
303 38
257 92
217 121
257 129
277 125
285 111
296 100
307 100
316 120
327 127
348 143
343 86
348 69
298 104
298 92
353 164
346 172
361 188
400 215
381 267
344 217
305 250
257 319
454 298
481 432
494 530
486 535
411 465
264 348
81 422
83 565
108 556
147 554
163 559
215 566
227 515
203 473
